1.000000000000000000e+01,1.000000000000000000e+01,1.000000000000000000e+01,1.000000000000000000e+01,1.000000000000000000e+01,1.000000000000000000e+01,1.000000000000000000e+01,1.000000000000000000e+01,1.000000000000000000e+01,1.000000000000000000e+01
6.810000000000000000e+02,5.500000000000000000e+02,7.840000000000000000e+02,6.010000000000000000e+02,9.570000000000000000e+02,8.080000000000000000e+02,2.620000000000000000e+02,7.230000000000000000e+02,3.900000000000000000e+02,6.640000000000000000e+02
1.296000000000000000e+03,1.320000000000000000e+03,1.479000000000000000e+03,1.408000000000000000e+03,1.445000000000000000e+03,1.248000000000000000e+03,1.043000000000000000e+03,1.407000000000000000e+03,1.312000000000000000e+03,1.284000000000000000e+03
1.504000000000000000e+03,1.645000000000000000e+03,1.765000000000000000e+03,1.607000000000000000e+03,1.653000000000000000e+03,1.601000000000000000e+03,1.632000000000000000e+03,1.813000000000000000e+03,1.718000000000000000e+03,1.549000000000000000e+03
1.564000000000000000e+03,1.683000000000000000e+03,1.596000000000000000e+03,1.733000000000000000e+03,1.648000000000000000e+03,1.535000000000000000e+03,1.942000000000000000e+03,1.787000000000000000e+03,1.664000000000000000e+03,1.455000000000000000e+03
1.461000000000000000e+03,1.834000000000000000e+03,1.128000000000000000e+03,1.623000000000000000e+03,1.694000000000000000e+03,1.468000000000000000e+03,1.888000000000000000e+03,1.677000000000000000e+03,1.669000000000000000e+03,1.452000000000000000e+03
1.137000000000000000e+03,1.441000000000000000e+03,9.210000000000000000e+02,1.296000000000000000e+03,1.393000000000000000e+03,1.326000000000000000e+03,1.630000000000000000e+03,1.410000000000000000e+03,1.283000000000000000e+03,1.314000000000000000e+03
9.690000000000000000e+02,1.101000000000000000e+03,8.490000000000000000e+02,1.075000000000000000e+03,1.233000000000000000e+03,1.055000000000000000e+03,1.427000000000000000e+03,1.256000000000000000e+03,1.085000000000000000e+03,1.052000000000000000e+03
6.180000000000000000e+02,7.940000000000000000e+02,6.240000000000000000e+02,8.360000000000000000e+02,9.560000000000000000e+02,5.300000000000000000e+02,1.087000000000000000e+03,1.061000000000000000e+03,9.080000000000000000e+02,7.150000000000000000e+02
4.590000000000000000e+02,3.900000000000000000e+02,4.700000000000000000e+01,5.590000000000000000e+02,5.630000000000000000e+02,2.650000000000000000e+02,7.160000000000000000e+02,6.450000000000000000e+02,6.010000000000000000e+02,3.510000000000000000e+02
3.400000000000000000e+01,2.000000000000000000e+00,0.000000000000000000e+00,1.740000000000000000e+02,2.950000000000000000e+02,2.000000000000000000e+00,4.380000000000000000e+02,7.200000000000000000e+02,3.760000000000000000e+02,1.940000000000000000e+02
0.000000000000000000e+00,0.000000000000000000e+00,0.000000000000000000e+00,0.000000000000000000e+00,0.000000000000000000e+00,0.000000000000000000e+00,2.350000000000000000e+02,2.100000000000000000e+02,0.000000000000000000e+00,1.000000000000000000e+00
0.000000000000000000e+00,1.000000000000000000e+00,0.000000000000000000e+00,0.000000000000000000e+00,0.000000000000000000e+00,0.000000000000000000e+00,0.000000000000000000e+00,0.000000000000000000e+00,0.000000000000000000e+00,0.000000000000000000e+00
0.000000000000000000e+00,0.000000000000000000e+00,0.000000000000000000e+00,0.000000000000000000e+00,0.000000000000000000e+00,0.000000000000000000e+00,0.000000000000000000e+00,0.000000000000000000e+00,0.000000000000000000e+00,1.000000000000000000e+00
0.000000000000000000e+00,0.000000000000000000e+00,0.000000000000000000e+00,0.000000000000000000e+00,1.000000000000000000e+00,0.000000000000000000e+00,0.000000000000000000e+00,0.000000000000000000e+00,0.000000000000000000e+00,0.000000000000000000e+00
0.000000000000000000e+00,0.000000000000000000e+00,0.000000000000000000e+00,0.000000000000000000e+00,0.000000000000000000e+00,0.000000000000000000e+00,0.000000000000000000e+00,0.000000000000000000e+00,0.000000000000000000e+00,0.000000000000000000e+00
0.000000000000000000e+00,1.000000000000000000e+00,0.000000000000000000e+00,1.000000000000000000e+00,0.000000000000000000e+00,0.000000000000000000e+00,0.000000000000000000e+00,0.000000000000000000e+00,0.000000000000000000e+00,0.000000000000000000e+00
0.000000000000000000e+00,0.000000000000000000e+00,0.000000000000000000e+00,0.000000000000000000e+00,0.000000000000000000e+00,0.000000000000000000e+00,0.000000000000000000e+00,0.000000000000000000e+00,0.000000000000000000e+00,0.000000000000000000e+00
0.000000000000000000e+00,0.000000000000000000e+00,0.000000000000000000e+00,0.000000000000000000e+00,1.000000000000000000e+00,0.000000000000000000e+00,1.000000000000000000e+00,0.000000000000000000e+00,0.000000000000000000e+00,0.000000000000000000e+00
0.000000000000000000e+00,0.000000000000000000e+00,0.000000000000000000e+00,0.000000000000000000e+00,0.000000000000000000e+00,0.000000000000000000e+00,0.000000000000000000e+00,0.000000000000000000e+00,0.000000000000000000e+00,1.000000000000000000e+00
1.000000000000000000e+00,0.000000000000000000e+00,0.000000000000000000e+00,2.000000000000000000e+00,2.000000000000000000e+00,0.000000000000000000e+00,0.000000000000000000e+00,0.000000000000000000e+00,0.000000000000000000e+00,0.000000000000000000e+00
0.000000000000000000e+00,0.000000000000000000e+00,0.000000000000000000e+00,0.000000000000000000e+00,0.000000000000000000e+00,0.000000000000000000e+00,0.000000000000000000e+00,0.000000000000000000e+00,1.000000000000000000e+00,0.000000000000000000e+00
0.000000000000000000e+00,0.000000000000000000e+00,0.000000000000000000e+00,0.000000000000000000e+00,0.000000000000000000e+00,0.000000000000000000e+00,0.000000000000000000e+00,0.000000000000000000e+00,0.000000000000000000e+00,0.000000000000000000e+00
0.000000000000000000e+00,0.000000000000000000e+00,0.000000000000000000e+00,0.000000000000000000e+00,0.000000000000000000e+00,0.000000000000000000e+00,0.000000000000000000e+00,0.000000000000000000e+00,1.000000000000000000e+00,0.000000000000000000e+00
0.000000000000000000e+00,0.000000000000000000e+00,0.000000000000000000e+00,1.000000000000000000e+00,0.000000000000000000e+00,1.000000000000000000e+00,0.000000000000000000e+00,0.000000000000000000e+00,4.000000000000000000e+00,0.000000000000000000e+00
0.000000000000000000e+00,0.000000000000000000e+00,0.000000000000000000e+00,0.000000000000000000e+00,0.000000000000000000e+00,0.000000000000000000e+00,1.000000000000000000e+00,0.000000000000000000e+00,0.000000000000000000e+00,0.000000000000000000e+00
0.000000000000000000e+00,0.000000000000000000e+00,0.000000000000000000e+00,0.000000000000000000e+00,0.000000000000000000e+00,0.000000000000000000e+00,0.000000000000000000e+00,0.000000000000000000e+00,2.000000000000000000e+00,2.000000000000000000e+00
0.000000000000000000e+00,2.000000000000000000e+00,0.000000000000000000e+00,0.000000000000000000e+00,0.000000000000000000e+00,0.000000000000000000e+00,1.000000000000000000e+00,1.000000000000000000e+00,0.000000000000000000e+00,0.000000000000000000e+00
0.000000000000000000e+00,1.000000000000000000e+00,0.000000000000000000e+00,0.000000000000000000e+00,0.000000000000000000e+00,0.000000000000000000e+00,1.000000000000000000e+00,1.000000000000000000e+00,0.000000000000000000e+00,0.000000000000000000e+00
0.000000000000000000e+00,2.000000000000000000e+00,3.000000000000000000e+00,0.000000000000000000e+00,0.000000000000000000e+00,0.000000000000000000e+00,0.000000000000000000e+00,0.000000000000000000e+00,1.000000000000000000e+00,0.000000000000000000e+00
0.000000000000000000e+00,0.000000000000000000e+00,2.000000000000000000e+00,1.000000000000000000e+00,2.000000000000000000e+00,1.000000000000000000e+00,0.000000000000000000e+00,0.000000000000000000e+00,1.000000000000000000e+00,7.000000000000000000e+00
3.000000000000000000e+00,2.000000000000000000e+00,2.000000000000000000e+00,1.000000000000000000e+00,0.000000000000000000e+00,0.000000000000000000e+00,2.000000000000000000e+00,0.000000000000000000e+00,1.000000000000000000e+00,1.790000000000000000e+02
2.000000000000000000e+00,0.000000000000000000e+00,3.000000000000000000e+00,1.000000000000000000e+00,2.000000000000000000e+00,0.000000000000000000e+00,1.000000000000000000e+00,3.000000000000000000e+00,0.000000000000000000e+00,8.990000000000000000e+02
2.000000000000000000e+00,0.000000000000000000e+00,1.000000000000000000e+00,0.000000000000000000e+00,1.000000000000000000e+00,1.000000000000000000e+00,0.000000000000000000e+00,2.000000000000000000e+00,3.000000000000000000e+00,1.212000000000000000e+03
1.000000000000000000e+00,5.320000000000000000e+02,2.000000000000000000e+00,1.000000000000000000e+00,1.000000000000000000e+00,1.000000000000000000e+00,0.000000000000000000e+00,0.000000000000000000e+00,1.000000000000000000e+00,1.268000000000000000e+03
4.000000000000000000e+00,1.178000000000000000e+03,2.000000000000000000e+00,0.000000000000000000e+00,0.000000000000000000e+00,1.000000000000000000e+00,1.000000000000000000e+00,0.000000000000000000e+00,1.000000000000000000e+00,1.127000000000000000e+03
3.000000000000000000e+00,1.252000000000000000e+03,0.000000000000000000e+00,2.760000000000000000e+02,0.000000000000000000e+00,0.000000000000000000e+00,1.000000000000000000e+00,1.000000000000000000e+00,0.000000000000000000e+00,1.020000000000000000e+03
1.000000000000000000e+00,1.306000000000000000e+03,2.000000000000000000e+00,9.500000000000000000e+02,1.000000000000000000e+00,2.000000000000000000e+00,3.070000000000000000e+02,1.000000000000000000e+00,2.000000000000000000e+00,7.420000000000000000e+02
6.940000000000000000e+02,9.730000000000000000e+02,0.000000000000000000e+00,1.392000000000000000e+03,1.000000000000000000e+00,6.370000000000000000e+02,1.168000000000000000e+03,3.000000000000000000e+00,2.000000000000000000e+00,6.620000000000000000e+02
1.163000000000000000e+03,6.660000000000000000e+02,0.000000000000000000e+00,1.361000000000000000e+03,0.000000000000000000e+00,1.473000000000000000e+03,1.448000000000000000e+03,2.690000000000000000e+02,5.000000000000000000e+00,1.130000000000000000e+02
1.564000000000000000e+03,2.150000000000000000e+02,3.000000000000000000e+00,1.337000000000000000e+03,1.700000000000000000e+01,1.641000000000000000e+03,1.361000000000000000e+03,1.127000000000000000e+03,4.840000000000000000e+02,1.000000000000000000e+00
1.534000000000000000e+03,1.000000000000000000e+00,5.000000000000000000e+00,1.132000000000000000e+03,6.510000000000000000e+02,1.498000000000000000e+03,1.420000000000000000e+03,1.314000000000000000e+03,1.017000000000000000e+03,0.000000000000000000e+00
1.488000000000000000e+03,0.000000000000000000e+00,1.210000000000000000e+02,8.620000000000000000e+02,1.235000000000000000e+03,1.521000000000000000e+03,1.525000000000000000e+03,1.306000000000000000e+03,1.302000000000000000e+03,0.000000000000000000e+00
1.467000000000000000e+03,1.000000000000000000e+00,8.440000000000000000e+02,6.430000000000000000e+02,1.312000000000000000e+03,1.391000000000000000e+03,1.299000000000000000e+03,1.120000000000000000e+03,1.315000000000000000e+03,0.000000000000000000e+00
9.620000000000000000e+02,0.000000000000000000e+00,1.433000000000000000e+03,4.830000000000000000e+02,1.253000000000000000e+03,1.032000000000000000e+03,1.204000000000000000e+03,1.065000000000000000e+03,1.435000000000000000e+03,0.000000000000000000e+00
6.630000000000000000e+02,0.000000000000000000e+00,1.636000000000000000e+03,2.200000000000000000e+01,9.780000000000000000e+02,4.650000000000000000e+02,7.710000000000000000e+02,8.850000000000000000e+02,1.213000000000000000e+03,0.000000000000000000e+00
3.250000000000000000e+02,0.000000000000000000e+00,1.539000000000000000e+03,0.000000000000000000e+00,8.680000000000000000e+02,1.020000000000000000e+02,3.350000000000000000e+02,4.080000000000000000e+02,9.110000000000000000e+02,0.000000000000000000e+00
1.300000000000000000e+01,0.000000000000000000e+00,1.278000000000000000e+03,3.000000000000000000e+00,8.250000000000000000e+02,0.000000000000000000e+00,4.300000000000000000e+01,2.000000000000000000e+00,5.580000000000000000e+02,0.000000000000000000e+00
1.000000000000000000e+00,0.000000000000000000e+00,1.168000000000000000e+03,0.000000000000000000e+00,3.610000000000000000e+02,1.000000000000000000e+00,0.000000000000000000e+00,0.000000000000000000e+00,2.330000000000000000e+02,0.000000000000000000e+00
0.000000000000000000e+00,0.000000000000000000e+00,7.700000000000000000e+02,0.000000000000000000e+00,1.300000000000000000e+01,0.000000000000000000e+00,0.000000000000000000e+00,0.000000000000000000e+00,0.000000000000000000e+00,0.000000000000000000e+00
0.000000000000000000e+00,0.000000000000000000e+00,5.730000000000000000e+02,0.000000000000000000e+00,0.000000000000000000e+00,0.000000000000000000e+00,0.000000000000000000e+00,0.000000000000000000e+00,0.000000000000000000e+00,0.000000000000000000e+00
0.000000000000000000e+00,0.000000000000000000e+00,2.800000000000000000e+02,0.000000000000000000e+00,0.000000000000000000e+00,0.000000000000000000e+00,0.000000000000000000e+00,0.000000000000000000e+00,0.000000000000000000e+00,0.000000000000000000e+00
0.000000000000000000e+00,0.000000000000000000e+00,1.800000000000000000e+01,0.000000000000000000e+00,0.000000000000000000e+00,0.000000000000000000e+00,1.000000000000000000e+00,0.000000000000000000e+00,0.000000000000000000e+00,0.000000000000000000e+00
0.000000000000000000e+00,0.000000000000000000e+00,0.000000000000000000e+00,0.000000000000000000e+00,0.000000000000000000e+00,0.000000000000000000e+00,0.000000000000000000e+00,0.000000000000000000e+00,0.000000000000000000e+00,0.000000000000000000e+00
0.000000000000000000e+00,1.000000000000000000e+00,0.000000000000000000e+00,0.000000000000000000e+00,0.000000000000000000e+00,0.000000000000000000e+00,0.000000000000000000e+00,0.000000000000000000e+00,0.000000000000000000e+00,0.000000000000000000e+00
0.000000000000000000e+00,1.000000000000000000e+00,1.000000000000000000e+00,0.000000000000000000e+00,0.000000000000000000e+00,0.000000000000000000e+00,0.000000000000000000e+00,0.000000000000000000e+00,0.000000000000000000e+00,0.000000000000000000e+00
0.000000000000000000e+00,0.000000000000000000e+00,0.000000000000000000e+00,1.000000000000000000e+00,0.000000000000000000e+00,0.000000000000000000e+00,1.000000000000000000e+00,0.000000000000000000e+00,0.000000000000000000e+00,0.000000000000000000e+00
0.000000000000000000e+00,0.000000000000000000e+00,0.000000000000000000e+00,1.000000000000000000e+00,0.000000000000000000e+00,0.000000000000000000e+00,0.000000000000000000e+00,0.000000000000000000e+00,0.000000000000000000e+00,2.000000000000000000e+00
0.000000000000000000e+00,1.000000000000000000e+00,0.000000000000000000e+00,0.000000000000000000e+00,0.000000000000000000e+00,1.000000000000000000e+00,0.000000000000000000e+00,1.000000000000000000e+00,0.000000000000000000e+00,0.000000000000000000e+00
0.000000000000000000e+00,1.000000000000000000e+00,1.000000000000000000e+00,0.000000000000000000e+00,1.000000000000000000e+00,0.000000000000000000e+00,0.000000000000000000e+00,1.000000000000000000e+00,0.000000000000000000e+00,0.000000000000000000e+00
0.000000000000000000e+00,0.000000000000000000e+00,0.000000000000000000e+00,0.000000000000000000e+00,0.000000000000000000e+00,0.000000000000000000e+00,0.000000000000000000e+00,0.000000000000000000e+00,2.000000000000000000e+00,0.000000000000000000e+00
0.000000000000000000e+00,0.000000000000000000e+00,0.000000000000000000e+00,0.000000000000000000e+00,0.000000000000000000e+00,0.000000000000000000e+00,0.000000000000000000e+00,0.000000000000000000e+00,0.000000000000000000e+00,0.000000000000000000e+00
0.000000000000000000e+00,2.000000000000000000e+00,0.000000000000000000e+00,1.000000000000000000e+00,0.000000000000000000e+00,0.000000000000000000e+00,0.000000000000000000e+00,1.000000000000000000e+00,0.000000000000000000e+00,1.000000000000000000e+00
1.000000000000000000e+00,0.000000000000000000e+00,0.000000000000000000e+00,1.000000000000000000e+00,0.000000000000000000e+00,0.000000000000000000e+00,0.000000000000000000e+00,1.000000000000000000e+00,0.000000000000000000e+00,2.000000000000000000e+00
0.000000000000000000e+00,1.000000000000000000e+00,0.000000000000000000e+00,1.000000000000000000e+00,0.000000000000000000e+00,0.000000000000000000e+00,2.000000000000000000e+00,0.000000000000000000e+00,2.000000000000000000e+00,8.000000000000000000e+00
0.000000000000000000e+00,4.380000000000000000e+02,0.000000000000000000e+00,1.000000000000000000e+00,0.000000000000000000e+00,0.000000000000000000e+00,0.000000000000000000e+00,0.000000000000000000e+00,0.000000000000000000e+00,4.060000000000000000e+02
2.000000000000000000e+00,9.140000000000000000e+02,1.000000000000000000e+00,1.000000000000000000e+00,0.000000000000000000e+00,1.000000000000000000e+00,0.000000000000000000e+00,0.000000000000000000e+00,1.000000000000000000e+00,1.042000000000000000e+03
0.000000000000000000e+00,1.301000000000000000e+03,0.000000000000000000e+00,0.000000000000000000e+00,0.000000000000000000e+00,0.000000000000000000e+00,0.000000000000000000e+00,0.000000000000000000e+00,0.000000000000000000e+00,1.325000000000000000e+03
0.000000000000000000e+00,1.245000000000000000e+03,0.000000000000000000e+00,0.000000000000000000e+00,0.000000000000000000e+00,0.000000000000000000e+00,0.000000000000000000e+00,3.000000000000000000e+00,0.000000000000000000e+00,1.266000000000000000e+03
4.000000000000000000e+00,1.109000000000000000e+03,0.000000000000000000e+00,1.000000000000000000e+00,0.000000000000000000e+00,1.000000000000000000e+00,1.000000000000000000e+00,0.000000000000000000e+00,0.000000000000000000e+00,1.162000000000000000e+03
4.000000000000000000e+02,9.560000000000000000e+02,0.000000000000000000e+00,2.000000000000000000e+00,0.000000000000000000e+00,1.000000000000000000e+00,0.000000000000000000e+00,0.000000000000000000e+00,2.000000000000000000e+00,1.046000000000000000e+03
8.680000000000000000e+02,5.620000000000000000e+02,0.000000000000000000e+00,2.000000000000000000e+00,3.000000000000000000e+00,1.000000000000000000e+00,0.000000000000000000e+00,0.000000000000000000e+00,1.000000000000000000e+00,8.620000000000000000e+02
1.050000000000000000e+03,2.170000000000000000e+02,2.000000000000000000e+00,3.000000000000000000e+00,3.000000000000000000e+00,4.000000000000000000e+00,1.000000000000000000e+00,0.000000000000000000e+00,6.000000000000000000e+00,5.570000000000000000e+02
1.288000000000000000e+03,1.190000000000000000e+02,0.000000000000000000e+00,5.800000000000000000e+01,1.000000000000000000e+00,1.000000000000000000e+00,1.000000000000000000e+00,1.000000000000000000e+00,0.000000000000000000e+00,4.600000000000000000e+02
1.061000000000000000e+03,1.000000000000000000e+00,2.000000000000000000e+00,7.230000000000000000e+02,1.000000000000000000e+00,0.000000000000000000e+00,1.000000000000000000e+00,2.000000000000000000e+00,0.000000000000000000e+00,2.000000000000000000e+00
1.092000000000000000e+03,0.000000000000000000e+00,1.000000000000000000e+00,1.155000000000000000e+03,2.000000000000000000e+00,0.000000000000000000e+00,1.000000000000000000e+00,2.000000000000000000e+00,1.000000000000000000e+00,0.000000000000000000e+00
8.360000000000000000e+02,0.000000000000000000e+00,0.000000000000000000e+00,1.467000000000000000e+03,3.300000000000000000e+01,3.000000000000000000e+00,3.000000000000000000e+00,2.000000000000000000e+00,2.000000000000000000e+00,0.000000000000000000e+00
5.190000000000000000e+02,0.000000000000000000e+00,2.000000000000000000e+00,1.370000000000000000e+03,5.950000000000000000e+02,2.000000000000000000e+00,0.000000000000000000e+00,1.000000000000000000e+00,4.000000000000000000e+00,0.000000000000000000e+00
7.300000000000000000e+01,0.000000000000000000e+00,2.000000000000000000e+00,1.110000000000000000e+03,1.041000000000000000e+03,5.000000000000000000e+00,0.000000000000000000e+00,6.000000000000000000e+00,7.900000000000000000e+01,0.000000000000000000e+00
0.000000000000000000e+00,0.000000000000000000e+00,2.000000000000000000e+00,1.042000000000000000e+03,1.058000000000000000e+03,4.270000000000000000e+02,4.000000000000000000e+00,5.000000000000000000e+00,8.850000000000000000e+02,0.000000000000000000e+00
0.000000000000000000e+00,0.000000000000000000e+00,4.000000000000000000e+00,9.790000000000000000e+02,1.335000000000000000e+03,1.206000000000000000e+03,2.150000000000000000e+02,1.000000000000000000e+00,1.318000000000000000e+03,0.000000000000000000e+00
0.000000000000000000e+00,0.000000000000000000e+00,1.000000000000000000e+00,8.840000000000000000e+02,1.346000000000000000e+03,1.458000000000000000e+03,9.760000000000000000e+02,0.000000000000000000e+00,1.527000000000000000e+03,0.000000000000000000e+00
0.000000000000000000e+00,0.000000000000000000e+00,0.000000000000000000e+00,4.980000000000000000e+02,1.225000000000000000e+03,1.473000000000000000e+03,1.312000000000000000e+03,0.000000000000000000e+00,1.522000000000000000e+03,0.000000000000000000e+00
0.000000000000000000e+00,0.000000000000000000e+00,2.000000000000000000e+00,3.920000000000000000e+02,1.146000000000000000e+03,1.353000000000000000e+03,1.214000000000000000e+03,0.000000000000000000e+00,1.363000000000000000e+03,0.000000000000000000e+00
1.000000000000000000e+00,0.000000000000000000e+00,3.000000000000000000e+00,1.000000000000000000e+00,5.770000000000000000e+02,1.053000000000000000e+03,1.101000000000000000e+03,2.000000000000000000e+00,1.121000000000000000e+03,0.000000000000000000e+00
0.000000000000000000e+00,0.000000000000000000e+00,2.640000000000000000e+02,0.000000000000000000e+00,3.870000000000000000e+02,8.110000000000000000e+02,8.710000000000000000e+02,2.040000000000000000e+02,6.420000000000000000e+02,0.000000000000000000e+00
0.000000000000000000e+00,0.000000000000000000e+00,9.650000000000000000e+02,2.000000000000000000e+00,2.000000000000000000e+00,4.300000000000000000e+02,6.680000000000000000e+02,9.610000000000000000e+02,5.870000000000000000e+02,2.000000000000000000e+00
0.000000000000000000e+00,1.000000000000000000e+00,1.348000000000000000e+03,0.000000000000000000e+00,0.000000000000000000e+00,2.620000000000000000e+02,5.750000000000000000e+02,1.301000000000000000e+03,3.170000000000000000e+02,0.000000000000000000e+00
0.000000000000000000e+00,0.000000000000000000e+00,1.250000000000000000e+03,1.000000000000000000e+00,0.000000000000000000e+00,2.000000000000000000e+00,1.170000000000000000e+02,1.533000000000000000e+03,0.000000000000000000e+00,1.000000000000000000e+00
0.000000000000000000e+00,2.000000000000000000e+00,1.126000000000000000e+03,0.000000000000000000e+00,1.000000000000000000e+00,0.000000000000000000e+00,0.000000000000000000e+00,1.414000000000000000e+03,0.000000000000000000e+00,2.000000000000000000e+00
0.000000000000000000e+00,0.000000000000000000e+00,1.020000000000000000e+03,0.000000000000000000e+00,0.000000000000000000e+00,0.000000000000000000e+00,0.000000000000000000e+00,1.254000000000000000e+03,0.000000000000000000e+00,0.000000000000000000e+00
0.000000000000000000e+00,2.000000000000000000e+00,9.650000000000000000e+02,0.000000000000000000e+00,0.000000000000000000e+00,0.000000000000000000e+00,0.000000000000000000e+00,1.066000000000000000e+03,0.000000000000000000e+00,0.000000000000000000e+00
0.000000000000000000e+00,0.000000000000000000e+00,4.910000000000000000e+02,0.000000000000000000e+00,0.000000000000000000e+00,0.000000000000000000e+00,0.000000000000000000e+00,6.080000000000000000e+02,0.000000000000000000e+00,0.000000000000000000e+00
1.000000000000000000e+00,0.000000000000000000e+00,1.490000000000000000e+02,0.000000000000000000e+00,0.000000000000000000e+00,1.000000000000000000e+00,0.000000000000000000e+00,4.440000000000000000e+02,0.000000000000000000e+00,0.000000000000000000e+00
1.000000000000000000e+00,5.000000000000000000e+00,1.000000000000000000e+00,0.000000000000000000e+00,0.000000000000000000e+00,0.000000000000000000e+00,0.000000000000000000e+00,1.230000000000000000e+02,0.000000000000000000e+00,0.000000000000000000e+00
0.000000000000000000e+00,0.000000000000000000e+00,2.000000000000000000e+00,0.000000000000000000e+00,0.000000000000000000e+00,0.000000000000000000e+00,0.000000000000000000e+00,0.000000000000000000e+00,0.000000000000000000e+00,0.000000000000000000e+00
0.000000000000000000e+00,1.000000000000000000e+00,0.000000000000000000e+00,0.000000000000000000e+00,0.000000000000000000e+00,1.000000000000000000e+00,0.000000000000000000e+00,0.000000000000000000e+00,0.000000000000000000e+00,1.000000000000000000e+00
0.000000000000000000e+00,0.000000000000000000e+00,0.000000000000000000e+00,0.000000000000000000e+00,0.000000000000000000e+00,0.000000000000000000e+00,0.000000000000000000e+00,0.000000000000000000e+00,0.000000000000000000e+00,0.000000000000000000e+00
0.000000000000000000e+00,0.000000000000000000e+00,0.000000000000000000e+00,0.000000000000000000e+00,0.000000000000000000e+00,0.000000000000000000e+00,0.000000000000000000e+00,0.000000000000000000e+00,1.000000000000000000e+00,6.000000000000000000e+00
0.000000000000000000e+00,0.000000000000000000e+00,0.000000000000000000e+00,0.000000000000000000e+00,0.000000000000000000e+00,0.000000000000000000e+00,0.000000000000000000e+00,0.000000000000000000e+00,0.000000000000000000e+00,1.000000000000000000e+00
0.000000000000000000e+00,1.000000000000000000e+00,0.000000000000000000e+00,1.000000000000000000e+00,1.000000000000000000e+00,0.000000000000000000e+00,1.000000000000000000e+00,0.000000000000000000e+00,1.000000000000000000e+00,0.000000000000000000e+00
0.000000000000000000e+00,9.800000000000000000e+01,0.000000000000000000e+00,0.000000000000000000e+00,1.000000000000000000e+00,0.000000000000000000e+00,0.000000000000000000e+00,0.000000000000000000e+00,0.000000000000000000e+00,1.000000000000000000e+00
0.000000000000000000e+00,7.860000000000000000e+02,0.000000000000000000e+00,0.000000000000000000e+00,2.000000000000000000e+00,0.000000000000000000e+00,0.000000000000000000e+00,0.000000000000000000e+00,0.000000000000000000e+00,3.560000000000000000e+02
0.000000000000000000e+00,1.231000000000000000e+03,0.000000000000000000e+00,1.000000000000000000e+00,0.000000000000000000e+00,0.000000000000000000e+00,0.000000000000000000e+00,0.000000000000000000e+00,0.000000000000000000e+00,1.040000000000000000e+03
1.000000000000000000e+00,1.501000000000000000e+03,1.000000000000000000e+00,0.000000000000000000e+00,0.000000000000000000e+00,0.000000000000000000e+00,0.000000000000000000e+00,0.000000000000000000e+00,0.000000000000000000e+00,1.366000000000000000e+03
1.000000000000000000e+00,1.536000000000000000e+03,0.000000000000000000e+00,0.000000000000000000e+00,0.000000000000000000e+00,0.000000000000000000e+00,0.000000000000000000e+00,1.000000000000000000e+00,2.000000000000000000e+00,1.309000000000000000e+03
1.000000000000000000e+00,1.130000000000000000e+03,0.000000000000000000e+00,0.000000000000000000e+00,1.000000000000000000e+00,0.000000000000000000e+00,0.000000000000000000e+00,0.000000000000000000e+00,4.000000000000000000e+00,1.351000000000000000e+03
4.000000000000000000e+00,1.044000000000000000e+03,2.000000000000000000e+00,1.000000000000000000e+00,1.000000000000000000e+00,0.000000000000000000e+00,0.000000000000000000e+00,0.000000000000000000e+00,1.000000000000000000e+00,1.188000000000000000e+03
0.000000000000000000e+00,4.900000000000000000e+02,1.000000000000000000e+00,1.000000000000000000e+00,2.000000000000000000e+00,0.000000000000000000e+00,1.000000000000000000e+00,0.000000000000000000e+00,1.660000000000000000e+02,8.130000000000000000e+02
0.000000000000000000e+00,1.560000000000000000e+02,0.000000000000000000e+00,1.000000000000000000e+00,1.100000000000000000e+01,0.000000000000000000e+00,1.000000000000000000e+00,0.000000000000000000e+00,8.760000000000000000e+02,6.190000000000000000e+02
1.700000000000000000e+01,0.000000000000000000e+00,0.000000000000000000e+00,1.000000000000000000e+00,2.000000000000000000e+00,0.000000000000000000e+00,1.000000000000000000e+00,1.000000000000000000e+00,1.256000000000000000e+03,9.200000000000000000e+01
6.110000000000000000e+02,1.000000000000000000e+00,0.000000000000000000e+00,0.000000000000000000e+00,7.000000000000000000e+00,2.000000000000000000e+00,0.000000000000000000e+00,0.000000000000000000e+00,1.413000000000000000e+03,4.000000000000000000e+00
1.175000000000000000e+03,0.000000000000000000e+00,0.000000000000000000e+00,1.000000000000000000e+00,5.000000000000000000e+00,3.930000000000000000e+02,1.000000000000000000e+00,1.000000000000000000e+00,1.215000000000000000e+03,1.000000000000000000e+00
1.403000000000000000e+03,0.000000000000000000e+00,0.000000000000000000e+00,2.000000000000000000e+00,3.100000000000000000e+01,1.232000000000000000e+03,1.000000000000000000e+00,0.000000000000000000e+00,1.005000000000000000e+03,1.000000000000000000e+00
1.523000000000000000e+03,0.000000000000000000e+00,1.000000000000000000e+00,0.000000000000000000e+00,6.760000000000000000e+02,1.340000000000000000e+03,1.000000000000000000e+00,0.000000000000000000e+00,7.260000000000000000e+02,0.000000000000000000e+00
1.303000000000000000e+03,1.000000000000000000e+00,1.000000000000000000e+00,2.000000000000000000e+00,1.223000000000000000e+03,1.404000000000000000e+03,1.000000000000000000e+00,0.000000000000000000e+00,6.500000000000000000e+02,0.000000000000000000e+00
1.112000000000000000e+03,0.000000000000000000e+00,1.000000000000000000e+00,1.400000000000000000e+01,1.464000000000000000e+03,1.475000000000000000e+03,8.300000000000000000e+01,2.000000000000000000e+00,3.530000000000000000e+02,0.000000000000000000e+00
8.260000000000000000e+02,0.000000000000000000e+00,0.000000000000000000e+00,4.240000000000000000e+02,1.575000000000000000e+03,1.197000000000000000e+03,8.430000000000000000e+02,0.000000000000000000e+00,1.000000000000000000e+00,0.000000000000000000e+00
2.850000000000000000e+02,0.000000000000000000e+00,1.100000000000000000e+01,1.061000000000000000e+03,1.414000000000000000e+03,1.067000000000000000e+03,1.318000000000000000e+03,0.000000000000000000e+00,0.000000000000000000e+00,0.000000000000000000e+00
1.000000000000000000e+00,0.000000000000000000e+00,6.340000000000000000e+02,1.297000000000000000e+03,1.110000000000000000e+03,7.130000000000000000e+02,1.595000000000000000e+03,0.000000000000000000e+00,0.000000000000000000e+00,0.000000000000000000e+00
0.000000000000000000e+00,1.000000000000000000e+00,1.217000000000000000e+03,1.228000000000000000e+03,1.041000000000000000e+03,2.210000000000000000e+02,1.409000000000000000e+03,0.000000000000000000e+00,0.000000000000000000e+00,0.000000000000000000e+00
0.000000000000000000e+00,0.000000000000000000e+00,1.448000000000000000e+03,1.341000000000000000e+03,5.910000000000000000e+02,0.000000000000000000e+00,1.159000000000000000e+03,0.000000000000000000e+00,0.000000000000000000e+00,0.000000000000000000e+00
0.000000000000000000e+00,0.000000000000000000e+00,1.476000000000000000e+03,1.182000000000000000e+03,6.800000000000000000e+01,1.000000000000000000e+00,7.720000000000000000e+02,6.000000000000000000e+00,0.000000000000000000e+00,1.000000000000000000e+00
0.000000000000000000e+00,1.000000000000000000e+00,1.166000000000000000e+03,9.980000000000000000e+02,1.000000000000000000e+00,0.000000000000000000e+00,8.050000000000000000e+02,7.960000000000000000e+02,0.000000000000000000e+00,0.000000000000000000e+00
0.000000000000000000e+00,0.000000000000000000e+00,9.070000000000000000e+02,8.460000000000000000e+02,0.000000000000000000e+00,0.000000000000000000e+00,6.330000000000000000e+02,1.284000000000000000e+03,0.000000000000000000e+00,1.000000000000000000e+00
0.000000000000000000e+00,0.000000000000000000e+00,8.060000000000000000e+02,5.170000000000000000e+02,0.000000000000000000e+00,0.000000000000000000e+00,2.940000000000000000e+02,1.540000000000000000e+03,0.000000000000000000e+00,2.000000000000000000e+00
0.000000000000000000e+00,0.000000000000000000e+00,5.150000000000000000e+02,4.600000000000000000e+01,0.000000000000000000e+00,0.000000000000000000e+00,2.000000000000000000e+00,1.697000000000000000e+03,0.000000000000000000e+00,0.000000000000000000e+00
0.000000000000000000e+00,0.000000000000000000e+00,6.000000000000000000e+01,0.000000000000000000e+00,0.000000000000000000e+00,0.000000000000000000e+00,0.000000000000000000e+00,1.530000000000000000e+03,0.000000000000000000e+00,0.000000000000000000e+00
0.000000000000000000e+00,0.000000000000000000e+00,0.000000000000000000e+00,0.000000000000000000e+00,0.000000000000000000e+00,0.000000000000000000e+00,0.000000000000000000e+00,1.396000000000000000e+03,0.000000000000000000e+00,3.000000000000000000e+00
0.000000000000000000e+00,0.000000000000000000e+00,0.000000000000000000e+00,1.000000000000000000e+00,2.000000000000000000e+00,0.000000000000000000e+00,0.000000000000000000e+00,1.137000000000000000e+03,0.000000000000000000e+00,1.000000000000000000e+00
0.000000000000000000e+00,0.000000000000000000e+00,0.000000000000000000e+00,0.000000000000000000e+00,0.000000000000000000e+00,0.000000000000000000e+00,0.000000000000000000e+00,7.710000000000000000e+02,0.000000000000000000e+00,0.000000000000000000e+00
0.000000000000000000e+00,0.000000000000000000e+00,0.000000000000000000e+00,1.000000000000000000e+00,0.000000000000000000e+00,0.000000000000000000e+00,0.000000000000000000e+00,3.990000000000000000e+02,0.000000000000000000e+00,0.000000000000000000e+00
0.000000000000000000e+00,2.260000000000000000e+02,0.000000000000000000e+00,0.000000000000000000e+00,0.000000000000000000e+00,0.000000000000000000e+00,0.000000000000000000e+00,3.400000000000000000e+01,2.000000000000000000e+00,0.000000000000000000e+00
0.000000000000000000e+00,9.820000000000000000e+02,0.000000000000000000e+00,0.000000000000000000e+00,1.000000000000000000e+00,0.000000000000000000e+00,0.000000000000000000e+00,0.000000000000000000e+00,0.000000000000000000e+00,6.600000000000000000e+01
0.000000000000000000e+00,1.277000000000000000e+03,1.000000000000000000e+00,0.000000000000000000e+00,0.000000000000000000e+00,0.000000000000000000e+00,0.000000000000000000e+00,0.000000000000000000e+00,1.000000000000000000e+00,7.130000000000000000e+02
0.000000000000000000e+00,1.307000000000000000e+03,0.000000000000000000e+00,0.000000000000000000e+00,1.000000000000000000e+00,1.000000000000000000e+00,0.000000000000000000e+00,0.000000000000000000e+00,0.000000000000000000e+00,1.093000000000000000e+03
1.000000000000000000e+00,1.222000000000000000e+03,0.000000000000000000e+00,1.000000000000000000e+00,0.000000000000000000e+00,0.000000000000000000e+00,0.000000000000000000e+00,0.000000000000000000e+00,2.000000000000000000e+00,1.322000000000000000e+03
1.000000000000000000e+00,8.380000000000000000e+02,0.000000000000000000e+00,0.000000000000000000e+00,0.000000000000000000e+00,0.000000000000000000e+00,1.000000000000000000e+00,0.000000000000000000e+00,0.000000000000000000e+00,1.555000000000000000e+03
0.000000000000000000e+00,4.950000000000000000e+02,0.000000000000000000e+00,0.000000000000000000e+00,1.000000000000000000e+00,0.000000000000000000e+00,0.000000000000000000e+00,0.000000000000000000e+00,2.000000000000000000e+00,1.222000000000000000e+03
1.000000000000000000e+00,2.370000000000000000e+02,0.000000000000000000e+00,0.000000000000000000e+00,0.000000000000000000e+00,0.000000000000000000e+00,1.000000000000000000e+00,0.000000000000000000e+00,0.000000000000000000e+00,9.970000000000000000e+02
2.000000000000000000e+00,0.000000000000000000e+00,0.000000000000000000e+00,0.000000000000000000e+00,0.000000000000000000e+00,1.000000000000000000e+00,0.000000000000000000e+00,0.000000000000000000e+00,0.000000000000000000e+00,6.860000000000000000e+02
1.000000000000000000e+00,0.000000000000000000e+00,0.000000000000000000e+00,2.000000000000000000e+00,0.000000000000000000e+00,0.000000000000000000e+00,0.000000000000000000e+00,0.000000000000000000e+00,0.000000000000000000e+00,4.340000000000000000e+02
3.000000000000000000e+00,0.000000000000000000e+00,0.000000000000000000e+00,0.000000000000000000e+00,1.000000000000000000e+00,1.000000000000000000e+00,1.000000000000000000e+00,0.000000000000000000e+00,2.000000000000000000e+00,0.000000000000000000e+00
2.000000000000000000e+00,0.000000000000000000e+00,0.000000000000000000e+00,0.000000000000000000e+00,0.000000000000000000e+00,0.000000000000000000e+00,0.000000000000000000e+00,0.000000000000000000e+00,6.000000000000000000e+00,0.000000000000000000e+00
4.000000000000000000e+00,0.000000000000000000e+00,1.000000000000000000e+00,0.000000000000000000e+00,0.000000000000000000e+00,1.000000000000000000e+00,1.000000000000000000e+00,0.000000000000000000e+00,0.000000000000000000e+00,0.000000000000000000e+00
6.000000000000000000e+00,1.000000000000000000e+00,0.000000000000000000e+00,0.000000000000000000e+00,0.000000000000000000e+00,0.000000000000000000e+00,2.000000000000000000e+00,1.000000000000000000e+00,1.000000000000000000e+00,0.000000000000000000e+00
1.770000000000000000e+02,0.000000000000000000e+00,0.000000000000000000e+00,0.000000000000000000e+00,0.000000000000000000e+00,0.000000000000000000e+00,0.000000000000000000e+00,0.000000000000000000e+00,0.000000000000000000e+00,0.000000000000000000e+00
8.930000000000000000e+02,0.000000000000000000e+00,1.000000000000000000e+00,0.000000000000000000e+00,3.000000000000000000e+00,3.000000000000000000e+00,1.000000000000000000e+00,0.000000000000000000e+00,4.000000000000000000e+00,0.000000000000000000e+00
1.367000000000000000e+03,0.000000000000000000e+00,1.000000000000000000e+00,0.000000000000000000e+00,0.000000000000000000e+00,1.000000000000000000e+00,0.000000000000000000e+00,0.000000000000000000e+00,1.000000000000000000e+00,0.000000000000000000e+00
1.510000000000000000e+03,0.000000000000000000e+00,1.000000000000000000e+00,1.000000000000000000e+00,5.000000000000000000e+00,0.000000000000000000e+00,4.000000000000000000e+00,0.000000000000000000e+00,1.000000000000000000e+00,1.000000000000000000e+00
1.274000000000000000e+03,0.000000000000000000e+00,0.000000000000000000e+00,1.000000000000000000e+00,4.810000000000000000e+02,1.000000000000000000e+00,1.000000000000000000e+00,0.000000000000000000e+00,1.000000000000000000e+00,1.000000000000000000e+00
